1956439560
2164956485
2014181162
1881177775
1732107973
2308647632
1446061115
1196176710
1507461291
1751403335
1241046080
1644799084
1850596007
2236790902
1685300840
1652935341
1220314194
1219151147
2362722951
1914654775
2237295867
2658816193
2659496994
2271351401
1093685660
1848761265
1195601700
1400589995
1860950110
1870939427
2593567880
1891235472
2351482812
1883349252
2007347517
1854398824
1804176344
1645028600
1077835333
1628468101
1770035520
2661973225
1747284145
1192517512
1904526114
1769478221
2590078492
1634761445
2185697767
1843207807
1282866605
2315727755
2738154702
2634505091
1765930112
2265699575
2136953200
2117152140
2654011293
2305746457
1056677584
1180414414
1621802500
2129505763
1139058974
1247824633
1936622235
1812318740
1849396160
2653384211
1743060937
1907279373
1904882342
2322561290
2013345991
2032650867
2648629761
1624150963
1654395831
2345321951
1920243947
1894749741
1873744432
1742236917
1735764275
2277096391
2323205835
1867769024
1906014067
1620415693
2305862027
1706245922
2654281815
1840841842
2201651403
2455438824
2640908357
1802328214
1774039713
1808768380
1692776722
1947595514
1809187420
1435212835
1318245314
2659678341
1785580874
2303019643
1571246382
1973034914
2659762583
1435900890
2104860525
2141164235
1405268337
1960993634
1804410155
2636008572
1937688080
1728869844
1939814872
1716687415
1580622992
1877668713
1750418137
1630434733
1789484643
2494817514
1777967675
1061265033
1673958843
1744663182
1658398507
2173812203
1862407045
1685437231
1290894754
2626849945
1808988793
1428191624
1595355774
1900810831
1800722413
1828931474
2231827663
1648668611
2138914207
1729050667
1059592253
1756586727
1609914842
2641393182
1522320292
1906155782
2568484240
2475200792
2487291401
1969905861
1197464245
1820221581
2659441821
1096145545
1222675182
1901257807
1804364722
1849228881
2659023097
1883788245
1904166683
1862794080
1517806292
2060629740
1866732465
2175442895
2045071183
1872192622
1892507965
1847034970
1957511123
1814439123
1752992825
2033009590
2194011077
1827419240
2659323581
2238299804
1774496175
1852764943
1570384272
1253661371
2146279993
2095875517
1865851415
2340512155
1914035240
1954983320
2083050457
1729937805
2670161802
1814883512
1680545413
2658743421
2189326917
1744407335
1698334494
2654227633
1850506467
2079552513
1075189363
1631386193
2153105301
1745798037
2659836087
1878365651
1934211395
2137316044
1832777217
2136639924
1629131320
2450077877
1495393282
1912120332
2116892134
1660256751
2130616297
2178624994
2279603782
1714799563
1820970251
1936878324
1294336093
2565335824
1644259427
2484322017
2440560791
1658210740
2114740114
1477420853
1776809627
1668486725
1739128023
2173409262
1582779395
1922222294
2421688073
1866600940
1870714131
2029385041
1640340781
2089646691
2556804767
2208237915
1664931217
2658914723
2610532374
2120392992
2332449243
1751802163
1880205234
2173426823
1868001582
1958757661
2658928821
1811872905
1867751655
1542481182
1989667167
1690969792
2678403250
1084135917
1485241414
1651210243
1558948384
1323504965
1873203400
1931294667
1979842173
2538336913
1770625055
1916356151
1401416483
1549170122
1505968460
2625206597
2531966387
1920470105
2276786140
1760984213
2175078163
2677207960
1873398811
1841796951
1399658084
2655391947
1685831707
2063300171
1012950444
1733420737
1630317934
1884592855
1891000415
1835666082
2655417523
1915279433
1769841600
2643807351
1649965952
1664838973
2653588171
2650318071
1936506042
2054122913
2045228733
1898064285
2658729613
2271765154
1828568830
2105727307
1745790144
2283223922
2277842353
1939678232
1800270925
1884079490
2658640833
1660033417
1821386077
1668630825
1088600673
1901492791
2652884693
1820112391
1564454341
2624237317
1768960544
1658184853
1764879322
2648770073
2656583441
2242405433
1894545601
1877078673
1746395841
2116575904
2451882233
1742600387
2654936753
1629386800
2328085160
1857405553
1853193880
1674590275
1824398821
1790885094
1897695841
1998941595
2303032763
2141761955
1933637583
1896092717
2706842730
1663238892
1796519337
2409619451
1683798222
2216483182
2371422760
2175962334
1738619211
2243788247
1307516257
2019263532
2534045360
2403997360
2270562070
2119659972
1505857955
2554805011
1767962915
1261552414
1478450901
1853747404
1409592695
1931532551
2036268074
2193195767
1494524211
2234332572
1307549241
1131325007
1843554813
1584517870
1825203811
1888943911
1920106074
1769471921
1867900702
2450513065
1064316733
2114300344
1824276587
2078236421
2657852253
2154239802
1402060885
1559908324
1842686894
2056208247
1784540721
1789603343
1904092885
1829765995
1412090192
1764422962
1834531741
1645447780
1802530325
1165187001
1403948333
1736066844
1652044150
2012894352
2459187734
2359765794
1609119537
2358167757
1847683187
1912462745
1936319595
1930876815
1958231132
1526322405
2185100154
1753131565
1449815690
1868310743
1549033613
1653910570
1882726087
1749573141
1891931082
1843277142
2271176762
1712622083
2657413471
1407813884
2092656915
1877086475
2217743694
1879268251
2071512531
1700023822
1903260247
1227195827
2400476902
1061461267
1882467990
1749251573
1593067701
1714921470
2656165331
1890558915
1903235637
2327221043
1670884870
2356449720
1879443440
1873301032
2453950582
2088949477
2150562407
1759394213
1794474707
2687599084
1817278117
1747439972
1882669607
1180560103
1806235731
1260924207
2212133125
1256296882
2610276653
2041344855
2025691967
2118922972
2239960493
1672132605
1682722667
1888007617
1966016867
1851518245
1404137557
2644207233
2628213111
1651753420
1692831533
1645528851
2653868444
1822687965
2595877285
1993754483
2170851672
2003135970
1496912502
1635213650
1241364721
2145932032
2646570632
2182022312
1690598180
1942887694
1759059855
2646073632
2578231594
1613709843
2388741597
1157724203
2125755382
1912558411
1742351267
1864719155
1760198255
2127195635
2393824801
2513310103
1826546085
1658784932
1719163345
2404916107
2198797290
2454783813
2031677435
1726953703
2656133841
2656579003
1621020067
2294575280
2372368214
2373125732
1791196067
2647754523
1572732540
1985231281
1943306797
1730991114
1065016052
2388795920
2735394684
1833143647
1426252045
1761701693
1762646711
1736286620
1308210412
1701648703
1403862024
1901010807
2187082392
1750996245
1054290585
1796067681
1118002851
2332359847
1709395705
2129059781
1751581461
2186397101
1875442025
1868954681
2181174773
1237806970
2153683177
1972336884
1824056364
1563477705
1726811671
1931957303
2233224654
1330631883
2405880555
2128349650
2474707423
1074268980
1726574945
1745496172
2364470750
1745431772
2474839582
1928317000
1342060510
1602679492
1867738621
2068619863
2076756113
2177266460
1909455235
1314007765
1809365984
1717400985
1896473915
2404785832
1660774175
1727114340
1771886992
1400959284
1882165811
1065292505
1662170975
2655951393
1915241954
1906523884
1449943140
1707695861
1751634995
2048491855
1723091803
2632166567
1610640435
2433611362
2564210511
1408592905
2637509353
1741309691
1595203771
2176865824
2320082300
1731341642
2566388675
1828055733
1437598282
2051110343
1757618735
1985682713
2384977861
2121147315
2532923591
1843912913
1768691343
2406485307
1895557227
1905208253
1400775131
1655721155
1791857771
1846058113
1698302594
2401093191
1481750257
1883606701
2196354280
1683965300
1148101814
1733553070
1915281145
1486998240
2127392965
2552108962
1568261441
2106777260
2498552840
1764177832
1806487190
2372519631
1733046843
1693408357
2428561233
1629729742
1678179264
2654045571
1269353594
2218576480
1177125421
1420290637
1780308187
2439041463
1744754345
2505859511
1911717423
1846608871
1686162737
1922837171
2192458601
1494871815
2508966854
1773069490
1400274342
2128045883
1809879124
1746753443
1450277925
1169351844
1161193152
1703532877
1839295790
1657764642
2654332495
2057093550
1630071500
2510766744
1928258637
1738706644
2005406813
1710191883
2609364547
1698893460
1892066397
1626138974
1871774022
2647940051
1862956142
1760249041
2391561893
2528046291
1832359493
2360500323
1842077402
1748945643
1408300510
1832368015
2334660690
1149788737
2218825340
2356277682
1769712507
2078869095
1732863312
1582540530
1954519293
2253763014
2394074007
2283962450
1440541354
1764041113
1880136161
1841495601
2467915865
2615911627
2182817422
2596284944
1851809467
1195405984
2586543500
1743037127
1345694972
1738784694
2608910375
2486826824
2627046361
1696074797
2556725007
1401084263
2172544962
2173830247
1838141831
2035002962
1736308537
1656409165
1867347220
2615101877
1398363837
1296793662
1962920624
1745792267
1661770824
1279228303
2580993472
2628354557
2218402984
1890306394
2345571782
2240479734
2208373692
1798734922
2345150415
2457030655
1580519562
2316037205
1805903525
1901609797
2290801617
2610637413
1770689147
1411027627
2436463271
1483009782
1965679453
1704558113
1821858083
1937591683
1744013443
1650720517
2723108990
1864836255
2648226383
2362914271
1591018815
1887220554
2496348735
1904838195
2629117915
1961680520
1772340203
1930535975
1352932844
1503747112
2156470564
1334654955
1928987393
1826902215
1752828647
1900584257
1880004625
1855608933
1830596783
2090609642
2330957112
2621187907
2017371893
1325342592
1856790682
1690726541
1698623744
1291893930
1220653307
1081172253
2080025465
1986745077
1768511884
1169103914
2039933807
1725192691
2013305835
1886316740
1860229267
2175632183
1830639682
2213897757
1877423917
2606156783
1862502434
1263158314
1998150515
2303895620
1689923074
1673661130
2387060484
1640364835
1225830704
1949484033
2105306315
1948647407
1767745867
2506701274
1751562060
2654152633
2281489980
1652066027
2548960090
2099132737
2521467180
1983810263
1863033225
1071792522
2214865647
1920627817
1681725173
1056172584
1871568765
1762611931
1738262263
2355893047
1744743115
1679079405
1719839921
2363136424
1884365753
2624645015
1644679751
2591436910
2356568981
2182653881
2609727483
1697415110
2615380334
2010077941
1715461165
1781041911
1943154135
2639048724
2136133291
1771373141
1434351894
1582681661
1437454822
2091276051
1848324464
2119666767
1905699873
1996584141
1907487247
1261462191
1174919254
1601129031
1901492933
1652406580
2083952217
1242184131
1261510727
2472177031
2245828450
2730010994
2648921881
2565604567
2596889387
1767635383
1823952803
2097811034
2502092153
1735606254
1903625995
2733625284
1845993322
1992586173
1700357493
1689173760
2732317280
1147246041
1770703193
2056963360
1808978667
2017960383
2438380611
1063629865
1686189572
1496808867
2337682434
2193871224
1723392052
1737699841
1708754723
1700283115
1408431451
2114861752
1913745680
1792001364
1653276984
1685506731
2103269091
1823205297
1651356085
1767011330
1524285802
1882658432
2057867870
2433584295
1439443417
2011239857
1803499131
1566550804
1154949923
1423467197
1892785001
2179482861
2652027043
1645818517
1653408335
2691887394
1361287070
1193230800
1428391382
1210339684
1779137333
1818913035
1847240785
1947331393
1581871092
1974749007
2163980341
2087696982
1911171762
2211283940
1410605423
2199574183
2181427574
1800580923
1980360901
1867389353
1291039604
1830826171
1727093230
2494557523
1392246180
1705923557
1551328502
1652330313
1765787023
1022248042
1252786127
1217857090
1654177913
2010803004
2414259631
2645648271
1871238924
1793216882
2243901502
2113862440
1372235042
2579698692
2117917611
2285442330
1818812415
2617672371
1859647210
1738267447
1795119993
2550862470
1653268813
2133181807
1245218343
1293482225
2436980823
1714185645
2305994161
1606445293
1736157720
2390912937
2074476761
2625489352
1945444174
2181162541
1279407733
2278896297
1725567101
1233829601
1818645735
1708335604
2393234767
1918334943
1238114430
1768677074
2543860787
1901475422
1197458607
1759755767
1821029715
1801559191
2612168223
1922482537
2464163660
1692493850
1221593947
1725064882
1298385810
2328758174
1816283697
1395620004
1859969092
1704088084
2193050985
2146678261
1338892197
2571549252
1890234233
1846958820
2119628897
1957234112
2045742455
2402069043
1867238132
2153786211
1944227487
2155179780
1841191252
1437916645
1906165053
2176677093
2088435235
2343609277
1869871553
2641094313
1305099740
2023372995
1663915120
2200640157
2704963984
1779131087
1786687464
2370341222
1668430055
1959239434
1749696074
1675117621
1795111662
1740188364
1724913711
2013563363
1928828063
2374177165
2495730913
1780043827
1473905042
1943588597
1654735023
1881769347
1257535897
1676904254
1591364625
2707735190
1829645443
1373546185
2557023564
2155308120
1064792554
1445619784
1894032155
2319455287
1619467921
1778298011
1300006735
1990060017
1864812010
1707605313
1083848824
1779182710
1418560331
2249587682
1925418771
1130011764
1830102627
2019712501
2286556860
1846550185
1452690663
2012795182
1440608704
1863136233
1342286033
1497214100
2159133034
2142093771
1704375327
1701130571
1644633564
2410535153
2508621233
1034197953
1688006967
1421005102
1659015132
1866052594
2155626117
1260969491
2297584847
1318827285
1678908023
1747720163
1343241465
2080027571
1439404004
2651969813
1730361602
1730927161
2114279660
2606998811
1880465062
1740428085
1750296362
1836660657
1706961782
1929089033
1162314114
2199753781
1093505012
2302371103
1686636200
1649310223
2340194471
1759879091
2396893762
1700335355
1701280690
1879707754
1676673002
1225672164
1787177831
2104149817
1842495885
1810539702
2367531897
1796572235
2458343183
1762898807
1534559752
1706113552
2651807341
2709833132
1078679394
1974171400
1086726117
1802253112
1642414823
2048799393
2118035324
1864858871
1574034523
1303470791
1862937304
2340822622
211774411
2086923541
2643733141
1650486392
2057351041
1674953843
2004328481
2347731777
1372083781
1815249824
2025260067
2133769920
1736648687
2644685542
1712093891
1726994883
2458335184
1897743605
1828471045
2108202330
1646443834
1718717704
1869119403
2010651767
2414737413
1835718811
2570371007
1589715192
1533566130
1892528330
2651134733
2121619137
2266936280
1971384404
1823004475
1362440680
1665918004
1670962445
2113785501
2002621235
1827542515
1771644242
1916749314
1822039525
1839953170
1964170393
1681652131
2129956772
2145655564
1934275857
1733561047
1653695110
1925982105
2003334163
1703467665
1963028967
1258008894
1303540531
2459267672
1809356801
2693914520
2210945483
2249585960
1829160445
2624260775
2538738807
1827305581
1733451605
1737979630
1683584273
1951704614
2564348337
1691702184
1731122615
2649291343
1974163754
1750073882
1079536364
2705090250
1373259931
2093557413
2464188211
1166493281
1853908092
1267237557
1835549387
1726839075
1910831493
2191667113
2264325103
1598139471
1994914167
1453039933
2623464544
2625028287
1595265550
1745145133
2124455871
1158423211
1744296787
2609053030
1732135861
1846719817
1234881931
2136560855
1651867134
1291102885
1052376041
1767158191
1803884673
2019312845
2109703643
2282851861
1796723122
1759094465
1432152463
1822202394
1887798231
2047285365
2275458852
2355375392
1862714194
1840986443
1892374940
1857191252
1095246027
2144722897
1590910274
2293327315
2376157782
2184097803
2293511535
2198440901
2181458975
1875572213
2469240113
1562620325
1657009981
1858509600
1483913405
1426454522
1743085672
2650696651
1510018257
1935052697
1733510452
1914215490
2000503721
1741569611
1865951872
1649138273
1630455900
1813488837
2242789160
1646258451
2694474804
1414153835
1818079301
1862531324
1679072267
1676302000
2568006280
1720762837
1836173981
2648400151
1638958392
1769374370
1707253777
1052796923
2723938242
1742971983
1814805430
2267503752
1766026054
2182130483
1685289412
2030761007
1976969683
1842875743
1925409613
1280819221
2624908272
1886332322
1996312471
1401149001
1923816832
2680540762
1355610915
1099647582
1299531643
1649819965
1780387711
1686449131
1665371904
1650510580
1633707483
1834641290
2525260252
1787232701
1572214935
1712189470
2105480565
1911586394
1068736657
2473165935
1900414811
1627920272
1923726801
1914657407
1677986374
2438496884
2118125865
1969201850
1678402614
2729358020
1946601341
2649550287
1916352804
1695704082
2052045865
1664355122
2605471023
1920119857
1491104080
1888392473
2258300554
2011273405
1984084753
1459017485
1768856242
1399414830
1549012204
2090869584
2196301587
1726526372
1751695643
1699340820
1649759685
1667756437
1549085452
1840150500
1666087674
2650316743
1005527444
1257698865
2048010550
1693930151
1682088795
1793178390
1746740345
1883129051
1083628544
1707880005
1669335223
1265251874
1901932207
1849170744
1362538742
1602403195
1162627175
1938819203
1693320143
1918665535
1686322744
2194791774
2518799153
1663326945
1771190420
1773097520
1916424345
1684615903
1524030824
1342866177
1745142544
1412310102
1646817725
1939877190
1686442795
1237197330
1775726513
1677909243
1803094481
1738164925
1496852023
2320684644
2099819615
2650264671
2212581900
2592806067
2149688172
1749114492
2645701341
1910346997
1791180451
1846003295
1821331011
2102470480
1652136157
2127191782
1583164237
2288961344
1715805915
1739350351
1410056281
1658891162
2475445187
2649792351
1961279082
2569365727
1745451855
1879630191
1712046777
1695687994
1722411841
1963162993
2074556717
1369684790
1916352791
1836058010
2422172362
2158254581
1576493743
2412130783
2265848294
2646424410
1678379643
1890128452
1198725444
1767375044
1676804657
1831212771
1561922701
1776945667
1594771383
1900725452
1653638750
1789297653
1750127760
2640874581
2510308004
2105865950
1675562827
2634095841
2507490817
1677395592
2111438380
1871875610
2593562041
1805834797
1970359653
1644168417
2423173611
1279111313
1945375272
1953039331
1898843197
1887952765
2118877695
1371647525
2358046197
1682451775
1854417524
2457029267
1156178384
1867115763
2109102894
1769939010
2180264712
2102440542
1671501375
1811237593
1525525372
1871652875
1971027325
2305569561
2019578062
1783306683
1843155801
2139145031
1884266364
1974529073
1652410134
1766209762
2092520082
2523697202
2620467931
1722852827
1929945947
1686507517
2628661861
1670352285
1646463657
1830216957
2072808260
2139095115
2260913933
2095237825
1779643553
1741952347
1751062202
1667559617
1903849072
2275576602
1664905861
2136044785
1656756355
1402844001
1083963481
1999523070
1605204823
1458507835
2588474001
1971721872
1771698785
1681167200
2088724435
2661609404
1854073133
1014268573
1655219100
1890111147
2278386053
1879361140
2346986403
1407048292
2267171802
1846403257
2312230235
1148425982
1751622497
1662948630
1633636097
1199537714
1651814294
1401124133
2646620261
2120228410
1330730453
1399367203
1402652864
2653478827
1768184475
2090360674
2430299612
1748018491
1952357381
1945819961
1851431853
1577820141
2367800422
1951489424
1581462730
1753051133
1773399942
1556249802
1672094912
1618555264
1652713743
2648955471
1401290174
1707922855
1826803091
1893346050
1775391032
1416162977
1170083985
2151103765
2340200467
2429819007
1673406504
1960161131
2026636104
1270970792
1788826955
2044434827
1092995481
1516794055
2697359700
1718623670
1668349504
1718052373
1901786951
1654183691
1623388555
1650927651
1752142767
1900279363
1891970553
2178488254
2639346627
1200595045
1765112952
1727308830
1958203785
1872752472
1734437457
2340821503
2147717620
1859999600
1900726885
1959623017
1457538154
1656166975
2640796375
2090545713
2048652020
2186786885
1771415757
1882459715
2035136180
1820307681
1605715673
1980919775
2003671944
2616756367
1225075164
2480600867
2414269773
1920705410
1751396655
2289650314
1883160152
2623879737
2515064004
2239075111
1263012804
2551467022
2652548710
1842168320
1117040113
1750051583
1556991231
1653581214
1287656950
2198128550
1431599857
2012214447
1783508297
2530371850
1650829012
1833177804
2730097302
1402406795
2094057854
1900982955
1813633242
1223770154
1928723287
1232956261
1893563731
1661287965
1504996731
2337315057
1678370701
1746318361
2404562994
1737129885
1697250530
2075428085
1913209545
1848040261
1957679372
1854536447
1805652941
1974869545
2017636651
1705575232
1454678161
1935527752
2209395050
2172894745
2185006543
2270407055
1188630357
1729518574
1728091841
1237064832
1852465407
1623069403
1510471967
1689510681
2376758137
2038001661
1749616163
2088055583
2642541081
1564329063
1561659863
1596190572
1717894694
2475239147
1744657532
2619132852
1559543981
1486654243
1423000427
2127635271
1998774001
2452668452
1732194565
2194035935
1729404963
1575136032
1721183100
1258842865
2629727793
1876580522
1773640621
2628514421
2274536494
1784723637
1854859677
2304284334
1085383445
1602839481
2611683165
1692469097
1799411174
1140959431
2523972124
1624134440
1765161830
1070706977
1353335395
1992778984
1940956933
1220638653
1621076534
2105140434
1970160753
1696866482
1678607953
1929356101
2212930061
2524573092
1666647040
1482169757
1817793547
2647443553
1903785161
1579898085
1747467850
1988084735
2609641122
2139172590
2644359671
2157815355
1697726247
2044778315
1683353675
1894086134
1782596893
1417376660
1935855460
2047693862
2343823052
2108496771
1895668785
1747734597
1862114744
1864814333
1532704771
2410393592
1700008973
1747137654
1850841592
1692952260
1628604660
1491103632
2089310381
2642476743
1652415845
1669959485
2083488155
1255730400
1039705583
1778503904
2048903942
1760344081
2032759164
2267933077
2122243137
1837410851
1224758815
1878398525
1680743312
1822132661
1035508810
2103102144
1963368701
1985649070
2264423790
1977633623
1791166224
2268913725
1666887047
2498128482
1747424165
2417194963
1947380940
1823403602
2634641012
2169266771
1737093721
1685016952
1644882184
1914294483
1987657633
1651592090
1891617823
1737403092
2713875722
1871813265
2593452250
1650181261
1413954212
1906381005
1678198380
1725042591
1829839261
1686687822
10211
1894922757
2429243717
1063044885
1401627950
1401245943
1674652552
1820584951
1730028374
2405424452
1688162990
1813393975
1719461753
2295717924
1260867350
2010649083
1874585692
1978267581
1789499095
1691461340
1969047035
1635054294
1914356957
1789017081
1246493072
2017892597
1246423114
2564370184
2679271890
1649532252
1820693365
1287857120
2132571192
1614639492
2191510754
2094843713
2281879222
1065195414
1693039893
1450802240
1922720437
2287807890
2367687492
1885766724
1650964803
2261386834
2023428383
1772500614
1812694943
1494921320
1401955787
1976672467
1405429862
1300887110
1935912563
1655303883
2097552885
1931964713
2407001147
1848564937
1979742937
1918324775
1604123553
2477266521
1720771661
1670170842
1768718205
1714244834
1658258707
1642267714
1930585405
1031755060
1948196275
1492990173
1936531694
2644541431
2074312213
1563146785
1656941665
1808789524
1882981721
1779514122
1496890675
1192334277
2052349827
1191885692
1760474993
2353043414
2101127914
1851163390
1641482674
1670079325
1850159485
2580282301
1272862390
1803016165
1854957233
1625778893
2606984161
1663610550
1658163900
2501314490
1687205352
1654760053
2064255682
1653993592
1820705175
1834203687
2030358785
1919811393
1625397177
2608754187
1822419281
2133712640
1870672201
2383414454
1528703472
1698659683
1734135453
1298084500
1766636893
1916998411
1573301764
1974053194
1774561193
2614881351
1794351464
1898789761
2625036271
1283165300
2157708711
1883284942
1368926533
1746874410
1934075314
1662363032
2618184255
1849375792
1870704581
1130789485
1146020975
1661104664
1760014071
2366944314
1662812965
1937573471
1908854963
1655719377
2030944653
1400321087
1921652287
1902505425
1839604905
2731769640
1824796677
1895314573
1877515055
1415091053
1771357444
1838871802
1494882515
1254581370
1894666001
1623170831
1589213123
2385815652
2526541985
1987528871
2053752787
1651478607
1665490684
1921433547
2020339111
1801749944
1835938627
2513967371
1591969711
1285848620
2273938660
1591033797
1743162662
1352699104
1652489600
1855764591
2630338441
1836013370
2130628662
1625615263
1757365467
2018748873
1838841094
1594226682
1714550751
1334664042
1883403495
1846228777
1666259150
1924720090
1928783145
1311641564
1901760215
1959230741
1692719997
1225323562
2179586070
2207796804
1271413777
1807864400
1750738127
1889691723
2151270442
2521615861
2517154384
1812207365
1746704554
1874518010
2133510071
1215727077
1904948744
2023816573
1881028314
2071416000
1572686795
2479567251
1155700144
1659742434
2553676770
2384092930
2203730451
1046008385
2464121431
2126114944
1236738912
1950337094
1852951854
2336996150
1905430667
1645730077
1891350380
2644155400
1615043514
2431366772
1237137233
2213151490
1613567960
2254037883
2495772452
2118511424
1905880561
1659719057
2003794165
1653011465
2177012427
1916165285
1286552710
2641055704
1400858025
1887382643
1749191413
1658663811
1406343191
1593001501
2288712131
2618242075
1049521045
2175065133
1779398465
1345900154
1258638533
1773710050
1584285714
2716001990
2000670025
1604372251
1884983185
1765665132
1897122681
1776354223
2289414231
2008304703
1734227252
2077389457
1273402947
1821350713
1679411920
2099808440
1768350383
1349592901
1062031053
1654644052
1693150884
1988206631
1401054862
1608038287
1692917851
1077227495
2690418894
2599576134
1253297613
1890183737
2009033083
2165537522
2390305241
1846903962
2185199070
1748783191
2348794663
1956430993
1768852117
1941219287
2415138442
1877808375
1747739577
2638610623
2592033623
2628574981
1955792531
2535199164
1646360194
1267983301
1914491705
1427955725
1644620671
2607538017
1497625137
2118880823
1825847292
2188364500
1626539854
1901135467
2463366734
1942922431
1612811621
1869349591
1838751144
1768119040
2205784052
1761335912
2279042702
2507657677
2613463897
2073137824
1783749361
1260604135
1691540103
1393619965
1826374903
2083969825
2076587111
1542387237
1835228923
2282150652
1133655151
2283002692
1653498062
1962583927
1881885610
2402218483
1732116837
1780972865
1075738871
2315167245
2394516712
2117944450
1825327747
1785752564
2665313860
1765005107
2001880940
1806377490
1403458101
1700720467
1847060191
2638504863
1656430322
1853705661
2097542981
1915227022
2632063595
2401582371
2219328064
1687611654
1635850773
24126316
2628056353
1954428411
1845396720
1193477847
2636525571
2595426127
1728277881
2008536107
1691184211
1806868097
1859162693
1899123837
1895449481
1888519793
1884939745
1686205635
1785698563
1446053115
2634828250
1667491355
1631266670
1084161907
2703730754
1367322983
2136376607
2187837480
2098874041
1671799523
2709344392
1691549513
1732000330
1730836755
2126162803
2277833734
1671945145
2485623654
1478859474
1642468862
2661882060
1917368204
1887225517
1626016084
2242551194
2459261021
1878868824
1930864582
1941233325
1649832921
1839938781
2198719972
2075662631
2446275234
2607856007
1962076453
1607359022
1655053593
2418994871
1738684160
1663638437
2307474941
2588406590
1987715025
1840779445
1851916221
1633186574
1676423395
1265158684
2632913863
2611527173
1976869601
2368668291
2353889147
1873446552
1149970043
1865925671
1871731735
1653714084
2049755464
1832853990
2085461405
2074181720
2097547542
2626774187
2296487807
2097605180
1221588990
1706512391
1793654142
1862133834
1968076263
1479916520
1032810064
1814279821
1319808333
1824291227
2342950573
2396608232
2609399003
2350158785
1796115882
2643341681
2173758082
2536061635
1802531941
2650507944
1401147885
1804159565
1812709157
2054794937
1988675585
1664829315
2650715655
2630782551
1630627921
2272572801
2364853533
1741829812
1803930522
2634351417
1853772525
1627776915
1644559133
2350765334
1918262235
1736461664
1716506311
1713237355
1828839962
2164463587
2247529547
2490793875
1574311624
1402049213
1883314327
1302045177
1400765802
1607134373
1839496560
1446944140
1735503901
1833214062
1756472727
1649310572
2352574263
1415374657
1925809875
1296966645
1656216434
1794865201
1781325333
1051811234
2020604845
1405187810
1704750041
1692622463
1924873775
2091926785
2642684321
1659186823
2043159155
2591457880
2592985482
1149596801
1266370923
1195005710
1641980590
1234678041
1964663420
1920505387
1745173762
1738745725
1815873513
1840125533
1765101524
2184607024
2056924567
2703845220
1982372384
1847427535
1740666444
1681574944
2080662563
1548066134
1434713004
2653812900
1358903492
1930718754
1794367981
2167408602
2417130210
1528734971
1285252683
1653891131
1615072874
2432195464
1910615793
2572744725
2422148190
64557884
1839498904
1889014747
2014490362
1613893463
1870365221
1302925643
1714105724
1664349747
1798593013
2008703347
2007668995
2049694547
1892431762
2125833392
2302771775
1081597173
2484544745
1603407997
1942837742
1512605711
2397236180
1838599292
2020044071
2476013547
1732747192
2611886232
2019725157
1733289002
2214699822
1948898964
1376814890
1854583137
1414786277
2246746040
1943893052
1891710881
1805687901
1814154640
2130077864
1463490794
1381529284
2286100210
1308220230
2186870313
1568629034
1899995894
1674122634
1475173782
2218764090
1998292304
1750384051
2010286523
1954444984
1583883267
1735077261
2148059120
2717698092
1824858974
1155187447
1879072671
1697109261
2230077883
1861539967
1412437163
2362025022
2155750292
1901513753
2167659440
1737761564
2533741331
1938872857
1701594654
1926019660
1839529944
1406272195
1891604217
1663485492
1846129404
1761932392
1853557454
1747569744
1223900140
1883660927
1174460473
2076293704
1405283745
1251760520
1607063317
1746831721
1685076810
2151849697
1338746881
1402414010
2381976417
1678434131
1787331345
1710279737
1891075334
1242957462
2139649533
1946320935
1744042642
1916354055
1740121570
1652633515
1699955127
1613197281
1404216250
1264187061
1450098811
2297494572
2492646221
1859253632
1372523053
2730396502
2704379014
1859041114
1358117665
1787279273
2567836340
2398625535
2281482570
1914584592
2156748382
2636400155
1333597314
1509229473
2001417457
1504019525
1946350812
1901653771
2288221485
1975233331
2653052090
2156212485
2193680944
1732272934
2187908510
2122358023
1967587022
2119294287
1573717002
1621308800
2215757487
1797058353
1260262800
1279350151
1698837512
1746844843
1151075863
2061031625
1855349145
2269919531
1836489003
1942833945
1881675393
1391145301
2256194930
1983560510
2403169053
2284354582
2059579687
2641460361
1644667133
1774908621
2150697407
1934889327
2346434282
2701821332
2506402272
1649464774
2042735251
1218027045
1825748483
2628399207
1557604053
1193077242
1923256953
2640680601
1658579422
1770679751
1660897225
1878896760
2641275841
1895322792
2043441610
1863499405
2578827971
1620931185
1591713207
1734643803
2127182625
1338748035
1868210841
1766048062
1170702771
1667803024
2095387503
1752608513
1752930133
2640269273
1148405372
1753127267
1639149683
1676082831
1876252704
1551627641
2288031135
2177570032
1909247967
1949560572
2200765134
1999923567
1747428370
1678069221
1681825490
1832728901
1682958221
2110379083
2087714675
1149970382
1250397482
2311461253
2054197471
2196946323
1669345180
1551709584
10504
2638693120
1809612164
2383270572
2113340722
1831179614
1576795181
1843365090
2071662830
1950129465
2608965137
2342324947
1409172611
2351569247
2132767167
1747382245
2126245692
1780140910
2299417324
2539763015
2201074411
1370473162
2141049891
1878406062
2638670843
2177824523
1093601635
2516298194
1688475133
1924240315
2255393387
1838278790
1762276550
1852289333
1842739271
1279035725
1805602472
1569626097
1745016300
2629085831
1960848497
2034866645
1743338772
2286215025
2590315720
2346187252
2651278994
1415396445
1682275852
2135529437
1362647935
1066725134
1751679101
1686264255
2483490581
1867761452
1652749963
2131536751
2182113772
2601439871
1065225645
1877464257
2596107264
1878021491
